"V1" "V2" "V3" "V4" "V5"
"1" 0.419923294168681 3.61707692539405e-16 0.999999999999999 0.999999999999939 0.998002018916077
"2" 0.242294394704573 0.318446703889915 0.187276960298896 0.372441454519398 0.149719072143187
"3" 0.00186160021286575 0.722094156056386 0.0493763235858544 0.270861549091227 0.014173193229979
"4" 0.000225345344042798 8.90771099123096e-12 0.214433669508844 7.78901018816886e-16 0.999999998359291
"5" 0.131472072866724 0.218367926513512 0.136395575628037 0.106502022274176 0.142171567030745
"6" 0.30909047521792 0.971324523551588 0.381588885148819 0.0282417815872628 0.413370283215579
"7" 0.999641372594821 0.999999999751616 0.00336413015935332 3.80711006947869e-05 1.01237334718129e-13
"8" 0.00025693509922219 0.93361636843414 0.0680993471563054 0.437948439178959 0.00466467056990316
"9" 0.0538942491303051 0.0553691594962012 0.0531134305572181 0.056109440943554 0.0515820199225209
"10" 1.32781148496452e-31 9.50687647067869e-22 1.60629057879371e-51 0.999920231072276 0.938861391608442
