"V1" "V2" "V3" "V4" "V5"
"1" 0.580076705831319 1 1.0418152367529e-15 6.1093754407731e-14 0.00199798108392336
"2" 0.757705605295427 0.681553296110085 0.812723039701104 0.627558545480602 0.850280927856813
"3" 0.998138399787134 0.277905843943614 0.950623676414146 0.729138450908773 0.985826806770021
"4" 0.999774654655957 0.999999999991092 0.785566330491156 0.999999999999999 1.64070870705128e-09
"5" 0.868527927133276 0.781632073486487 0.863604424371963 0.893497977725824 0.857828432969255
"6" 0.69090952478208 0.0286754764484121 0.618411114851181 0.971758218412737 0.586629716784421
"7" 0.000358627405178617 2.48384254945451e-10 0.996635869840647 0.999961928899305 0.999999999999899
"8" 0.999743064900778 0.0663836315658603 0.931900652843695 0.562051560821041 0.995335329430097
"9" 0.946105750869695 0.944630840503799 0.946886569442782 0.943890559056446 0.948417980077479
"10" 1 1 1 7.97689277241072e-05 0.0611386083915585
