"gene_snp1001" 0.288026585837159 9.33587388277134e-06 0.999300331909893 0.998508746550213 0.812861325502817
"gene_snp1002" 0.0769068361657894 0.0844573191898062 0.0753470515865682 0.0815267712698186 0.0765912311154116
"gene_snp1003" 0.0233591335287885 0.065279946463059 0.0278069448121683 0.0359641202077895 0.0265728057231364
"gene_snp1004" 0.0159854073807662 0.000141502837820339 0.200953799013495 1.30275084123859e-05 0.990888328304539
"gene_snp1005" 0.0980601342133108 0.115427845421001 0.0984039270793567 0.0959222583099372 0.103521456128624
"gene_snp1006" 0.200183244470501 0.277081475714654 0.202162556327248 0.190071562805402 0.211873870840218
"gene_snp1007" 0.871227973006754 0.989970253126322 0.040760589885379 0.00981411840392545 3.64086806372005e-05
"gene_snp1008" 0.012555488536365 0.0792979176938707 0.0216925333666431 0.0374376291613809 0.0153009534629667
"gene_snp1009" 0.0295613420692883 0.0314634084068199 0.0293661052527871 0.0300395351873259 0.0305535576394863
"gene_snp1010" 5.92994951777997e-10 2.15746337543198e-07 6.01840126225619e-15 0.911608851406165 0.605131077070401
"gene_snp1011" 0.0103474184821284 0.00914882429372574 0.0112653926456162 0.00904526024538589 0.0152764683569796
"gene_snp1012" 0.000229568964731528 0.992987523303564 0.0511003857987718 0.430035431970629 0.0126813033107737
"gene_snp1013" 0.0434057997759554 0.0458286854049442 0.0431457775755351 0.043630289951107 0.0450776414381316
"gene_snp1014" 0.0257742191675449 0.0254457103814102 0.0397380143895041 0.0435902237485158 0.0651196011250407
"gene_snp1015" 0.0554745539515141 9.20043637216359e-05 0.0371890974313089 0.423641152180849 0.02606747682336
"gene_snp1016" 0.0202851958468738 0.0211479062955199 0.0202327790674026 0.0203621379216193 0.0217277819736776
"gene_snp1017" 0.0328263354378522 0.0342675526206379 0.0332615502166588 0.0328423446036215 0.0380249282919247
"gene_snp1018" 0.0271825474234984 0.0240179322092636 0.0255379312626912 0.0245045954608519 0.028024140084242
"gene_snp1019" 0.00129429215600506 0.00048713884677923 0.00272441435547398 0.000772273675473918 0.0228284647744283
"gene_snp1020" 0.00139795437652263 0.00344318528686257 0.142700279013004 0.00128468351620581 0.00145904332839755
"gene_snp1021" 0.00270163492093374 0.00297653736889647 0.00353871495836925 0.00261752774333083 0.0077381645453582
"gene_snp1022" 0.00772302406048938 0.00771780822161099 0.00777025748573411 0.00740113605411689 0.00981150831032918
"gene_snp1023" 0.0748620898130472 0.0792604692867871 0.0741736893779837 0.0759016996137882 0.0760155358308866
"gene_snp1024" 0.00404750558386165 0.00424059157210492 0.0202216141809317 0.00153095769632492 0.484350354804648
"gene_snp1025" 0.829988364706831 0.999209211729871 0.150129379892866 0.99989230522069 1.73465087553076e-09
"gene_snp1026" 0.000663015857280473 0.999467217157755 0.0714983353046489 0.440269645713053 0.00882185888491023
"gene_snp1027" 0.396492102611751 0.400338108240455 0.463558831282476 0.331064287140168 0.369222003223803
"gene_snp1028" 0.0333111820167922 0.0349224191078978 0.0334938084206506 0.0328562226088862 0.0348100294641749
"gene_snp1029" 0.0170548170356278 0.0182220303221646 0.015653280440251 0.01650262964499 0.0143133859203317
"gene_snp1030" 0.00196638121574652 0.00329256765869626 0.000631219806734028 0.0102364873746108 0.00488349951324113
"gene_snp1031" 0.00273888488380931 0.00365014410857674 0.00224176293625063 0.0154131687434404 0.0132649325638324
"gene_snp1032" 0.0594403306788067 0.0625772216505726 0.0581369024816949 0.0593806333062375 0.0637094200502577
"gene_snp1033" 0.0190650788234823 0.0192365851946853 0.0202904180238368 0.0205778216220063 0.0231254840204298
"gene_snp1034" 0.283109894032487 9.48382398489518e-06 0.999907062106307 0.999996108151885 0.822817396691586
"gene_snp1035" 0.0124254970661159 0.202024122665377 0.0319643952062688 0.0771773723645991 0.0200279711733822
"gene_snp1036" 0.133745326670054 0.0828748155324202 0.27128070643848 0.270065667276145 0.211812991534098
"gene_snp1037" 0.00955060072727093 0.00965238451081199 0.00963654683454995 0.00926921006612977 0.0113168483687854
"gene_snp1038" 0.00377836254170868 0.00364027786320371 0.00475767731805542 0.0030107788865815 0.0103731956536243
"gene_snp1039" 0.00138793095066903 5.2568289848635e-05 0.399987585469278 0.70834251841093 0.874150882089654
"gene_snp1040" 0.0739697541715905 0.0654616043357208 0.205222316541921 0.0919504943132978 0.72994009811369
"gene_snp1041" 0.00349536517814111 0.00352325874875351 0.797179162797531 0.00094228279727101 0.00019365278762072
"gene_snp1042" 0.0105412651996688 0.0111162534525908 0.0102694669205446 0.0113881533703324 0.0115524403104749
"gene_snp1043" 0.566744898881658 1 0.641450569177692 7.95626308749715e-05 0.654956638264523
"gene_snp1044" 0.000112765705624984 2.23532440723416e-12 0.607772873496975 0.968636696103951 0.999998374701813
"gene_snp1045" 0.00814705763939636 0.0045091908189323 0.00769718247004201 0.0155862062448862 0.00727609666906676
"gene_snp1046" 0.00401039759281273 0.00322535196638729 0.00472577347852229 0.00341753807617024 0.0148584383898313
"gene_snp1047" 0.000125336729684444 0.000343782306060736 5.56724110603639e-08 0.670353964959988 0.462213607458893
"gene_snp1048" 0.039262049344604 0.0424392458152127 0.00566290880234664 0.0233872348688666 2.0518436398908e-08
"gene_snp1049" 0.00833525745896366 0.0124627211568238 0.00644501171519712 0.00659448690729349 0.00784957469510122
"gene_snp1050" 0.00387567331373965 0.00174455786981666 0.00379996067897994 0.00694553248328435 0.00362412551077947
"gene_snp1051" 0.0251739364770134 0.0262300133099014 0.0263655294374201 0.0267709083006882 0.0296043863423148
"gene_snp1052" 2.43465549382871e-06 1.38358194325577e-05 2.588690565844e-08 0.764520643898189 0.478573539580117
"gene_snp1053" 0.0647568675131391 0.0598132223329117 0.210804144342652 0.0985724774211869 0.727186491859028
"gene_snp1054" 0.0129325901105436 0.014595605633206 0.0094258428084123 0.0118251863086204 0.00556478699775072
"gene_snp1055" 0.0106559545866614 0.00114476914324467 0.00972767189245331 0.0392682746022928 0.0100155649652127
"gene_snp1056" 0.0202952872653821 0.00701107928857148 0.198439647332746 0.290685485119469 0.489756602682735
"gene_snp1057" 0.835846648605033 0.814371575064819 0.00431129349517861 0.846884225946402 0.991294340691584
"gene_snp1058" 0.0338741386473592 0.0405644921525216 0.0293246085915687 0.028174405571163 0.0285445614868683
"gene_snp1059" 0.0276236930337363 0.0139247300892923 0.384667844063965 0.0687238152191467 0.999969107890743
"gene_snp1060" 0.000822313381208493 0.00622742726841654 5.3879950846943e-06 0.472169802015489 0.396597683116187
"gene_snp1061" 0.0010579634711071 0.00355494492126828 0.000787477912711883 0.084668613600694 0.0762454599084101
"gene_snp1062" 0.265017566185354 0.943919823775099 0.319412960782347 0.0599102464094171 0.322324471351721
"gene_snp1063" 0.0106030366977787 0.00612520844088151 0.533581972680961 0.00852139525523858 0.00162384591705541
"gene_snp1064" 0.240871306158088 0.20934349265597 0.351865732522878 0.337234409235623 0.299778012852996
"gene_snp1065" 0.0132058581658904 0.00190508720091813 0.0114994389351248 0.0469898564324665 0.00909016333278967
"gene_snp1066" 0.0223304201704638 0.0249946261685488 0.0209591951882509 0.0207035043422048 0.0208597016673641
"gene_snp1067" 0.00489272686251095 0.00521234633689872 0.00414393407188316 0.00984466706967408 0.00943251914679968
"gene_snp1068" 0.000130445040189943 0.997568074120113 0.0567513957556102 0.474142414545267 0.00195707513377168
"gene_snp1069" 4.53458352399081e-05 0.00139482449341593 9.14472681282355e-05 0.501301090086659 0.420465386286034
"gene_snp1070" 0.0496795817372997 0.0565887048336699 0.0498684085747423 0.0485207084631623 0.0531789141831796
"gene_snp1071" 0.00822185316172865 0.00874076143296638 0.00729824509164553 0.0103197697480911 0.00961534233106947
"gene_snp1072" 0.0995267909852638 0.100885781046512 0.106385681648763 0.101108584326873 0.166475709292814
"gene_snp1073" 0.22212359766585 0.528752010714651 0.231736308162055 0.144508520573838 0.245298780152144
"gene_snp1074" 0.0320429518656368 0.00297745849288361 0.102192538449198 0.000382997825333894 0.429270610950008
"gene_snp1075" 0.00941053957081922 0.00977428009979148 0.00968606864505173 0.00920316934308917 0.0119739272407767
"gene_snp1076" 0.00104548346579446 0.970265601010796 0.0761730866632032 0.378182637745432 0.01778979203479
"gene_snp1077" 0.0213774656324857 0.0226214935041209 0.0213848260976968 0.0214107871035714 0.0225901401416232
"gene_snp1078" 0.0297979349941063 0.0195645888356281 0.357995063657571 0.0521722143193176 0.99999983778158
"gene_snp1079" 0.00148821991098497 0.00390210936860896 0.000179853239678795 0.0528870914006478 0.0472070762973374
"gene_snp1080" 0.000379427529640105 0.000430151716303844 2.30712976526409e-07 0.682193049483828 0.521261015025994
"gene_snp1081" 0.132124643973214 0.00684519410806451 0.058417148430368 0.0206278238615223 0.0897807485147589
"gene_snp1082" 0.213323690708722 0.00139155638392285 0.0911335965334341 0.029399319218969 0.167922946200269
"gene_snp1083" 0.192737144174498 0.20188631815224 0.183351341096012 0.192777474104673 0.210833981160325
"gene_snp1084" 0.0372767338351656 0.0389215872063014 0.0378427912013892 0.0366534223813109 0.0395021610613407
"gene_snp1085" 1.23208478697463e-20 1 0.00150467916777997 0.913120963250051 2.05465047643666e-07
"gene_snp1086" 0.02394407064414 0.1396388634948 0.0376317348526318 0.0665868165234917 0.0316430849911145
"gene_snp1087" 0.0580533686916162 0.0611770814391279 0.0556497921954916 0.0579491774365825 0.062721490551098
"gene_snp1088" 0.034348634571888 0.0369833811996918 0.0340667602561591 0.035272942315941 0.035040457887006
"gene_snp1089" 0.00533536621682619 0.00311289663419059 0.00495604777675613 0.00803113393434945 0.00492249862104994
"gene_snp1090" 0.136454977377903 0.143744971960319 0.130179273435557 0.136622519572401 0.125090758445582
"gene_snp1091" 0.00859934438666298 0.00825498875995226 0.00851964678366112 0.009342237923902 0.0090063661273826
"gene_snp1092" 0.0262799409241951 0.0295058681565278 0.0242989509249204 0.0241168998257378 0.0246689652023216
"gene_snp1093" 0.324538055793814 0.00112839600957761 0.132717199311877 0.031497109835603 0.210928985587357
"gene_snp1094" 0.262993986926138 0.630086231654113 0.283968645837556 0.1807259508612 0.29439371438164
"gene_snp1095" 0.0231771615257464 0.024257454030264 0.0234108897315132 0.023293808752503 0.0257486524229115
"gene_snp1096" 0.0160678072250768 0.0161469216231595 0.0174609176622159 0.0179266339208087 0.0203527623037917
"gene_snp1097" 0.00562930311337133 0.00445673182430562 2.16647279946507e-05 0.145306254081387 0.0315215166838892
"gene_snp1098" 0.0794428050130723 0.425183747703819 0.00105528479989623 0.000167760639287034 0.0214736628945494
"gene_snp1099" 0.0232781035272314 0.0251764569816144 0.0234817045533967 0.0236062617276031 0.0246532887970742
"gene_snp1100" 0.433292409317406 0.999999931966129 0.685023167368983 7.40752455333296e-05 0.618065469913371
