"gene_snp1001" 0.0848746968068846 0.0797466137540386 0.0919881797519755 0.102090689010548 0.0953062537660753
"gene_snp1002" 0.0144840423829739 0.015801606466806 0.0147418992083685 0.0149693406187954 0.0290095677468176
"gene_snp1003" 0.0227199579774259 0.0263592837226719 0.0175624138028531 0.018234536804902 0.0214962561405144
"gene_snp1004" 0.0719684884153777 0.0931995489444906 0.0853588981120988 0.101480123865675 0.0683152085299528
"gene_snp1005" 0.0159997964838899 0.0179520618014524 0.0160262717709519 0.0167530149176641 0.0162555658588525
"gene_snp1006" 0.0187185539939768 0.033789332385387 0.0186593275590488 0.0258369267751697 0.0208587716049159
"gene_snp1007" 0.0738917780099835 0.0823350830404164 0.0909579445079125 0.090897711029815 0.0781961479230857
"gene_snp1008" 0.0289168024332604 0.0405518532261404 0.0227052824600465 0.0209525596300252 0.0223911316445692
"gene_snp1009" 0.0170227614287558 0.0171089311752448 0.0169959828312535 0.01691836988849 0.0176259181249025
"gene_snp1010" 0.0693110244487651 0.0713669014932776 0.0704046620478369 0.0600666434367836 0.103350639147825
"gene_snp1011" 0.0181694359564457 0.0175707583020861 0.0182321422478032 0.0188017133482873 0.0186393650560798
"gene_snp1012" 0.0821758669500831 0.0969857223537255 0.0680803463052697 0.0896173688420103 0.0985329507687533
"gene_snp1013" 0.0166200543792488 0.016952464071268 0.0164033348410305 0.0165702250287646 0.0192138123216752
"gene_snp1014" 0.0226467418858174 0.0390924812179438 0.021419462799147 0.0224029265332385 0.0255147529428809
"gene_snp1015" 0.0702785545130023 0.195986594433259 0.0745597813058581 0.0805819268158574 0.0647973813514891
"gene_snp1016" 0.0162163119616062 0.0160220607910517 0.0162872399770923 0.016168837881479 0.0166412645247228
"gene_snp1017" 0.0162352829656924 0.0166867391554651 0.0161309273994325 0.0158734061199708 0.0164817444799837
"gene_snp1018" 0.0193601161368581 0.0215692627017942 0.0189525217148547 0.0190744050049468 0.0190021432416931
"gene_snp1019" 0.0184076077453466 0.017397308533566 0.017157210470698 0.0201843949437549 0.026622795377357
"gene_snp1020" 0.0283708401673618 0.0336924436719558 0.0953579739964101 0.0288737713109311 0.046916773567844
"gene_snp1021" 0.0163193388267354 0.0168370998153471 0.0164793447537027 0.016868124900441 0.0176315655977581
"gene_snp1022" 0.0147944694400211 0.0143357225642863 0.0143474416746456 0.0145625110356436 0.0145746599895335
"gene_snp1023" 0.018063696808822 0.0189738756325892 0.0179758245685226 0.017782541530303 0.0246174598293473
"gene_snp1024" 0.0683380746511634 0.0867176058238321 0.0504287635485772 0.0952323895928436 0.138975333537584
"gene_snp1025" 0.057578828124904 0.0806839531551707 0.0958213414403697 0.095427870398924 0.0604469616894261
"gene_snp1026" 0.0878285468724062 0.0610289466196129 0.088109249731038 0.0740754228965137 0.077439829774691
"gene_snp1027" 0.0249566021438913 0.0275839788623254 0.0526471298761422 0.0513247583344047 0.0284726784390684
"gene_snp1028" 0.0163476104067581 0.0164956322833583 0.0161711465723652 0.016595588592195 0.0170017397316818
"gene_snp1029" 0.0170416911559974 0.0177809406890858 0.0175332041595775 0.0169820696077628 0.0243571437799156
"gene_snp1030" 0.0149698297591096 0.0161889912690277 0.0172804677245685 0.0172388117137 0.0159211751866509
"gene_snp1031" 0.0205014542698872 0.0202047230478 0.0227143302851922 0.021122262664149 0.0207087948434012
"gene_snp1032" 0.0137537108030803 0.0144827651470922 0.0141502439714984 0.0138533942120716 0.0142858528095425
"gene_snp1033" 0.016176908041765 0.0165761943245967 0.015819906937305 0.0161134913849497 0.0165247454540027
"gene_snp1034" 0.0935346444866014 0.0810102951356804 0.0786619412881788 0.0621669387157522 0.0931995758186514
"gene_snp1035" 0.0541216484628193 0.0885654876682556 0.0293372607105507 0.033379293470839 0.0391545939312798
"gene_snp1036" 0.0300156617373651 0.132187526759704 0.0508145198537561 0.0509512593679559 0.0260454949491428
"gene_snp1037" 0.0154560096671427 0.0149900435608256 0.0151781214295823 0.0152088313365239 0.0153025169646702
"gene_snp1038" 0.0190690337104284 0.0190372887295609 0.0190583490995759 0.0187883661916733 0.0202737991526732
"gene_snp1039" 0.071817154013726 0.076268961000773 0.0861733401656642 0.0577835498056509 0.100243962961847
"gene_snp1040" 0.0833059269302611 0.100397016029147 0.0512755053568634 0.0574145837390047 0.202890689681235
"gene_snp1041" 0.0923293817820418 0.0888080977462598 0.134899550424693 0.0714198338137921 0.0906551021765022
"gene_snp1042" 0.0144235921771589 0.0144086294228891 0.0149006836373336 0.0144693337081039 0.0144574364739098
"gene_snp1043" 0.0598720575233545 0.0599363882637309 0.0900240903816868 0.0842732994268787 0.0985398415973784
"gene_snp1044" 0.0977862732224883 0.0703107146430066 0.101629494420339 0.0611766518491638 0.0603143348823001
"gene_snp1045" 0.0181004198346205 0.0266353952013088 0.018346935709529 0.0189476379454096 0.0174571272896328
"gene_snp1046" 0.0172096443282486 0.0162231220513044 0.0160617305013346 0.0177431883706272 0.0181810805203123
"gene_snp1047" 0.100927689411933 0.0868353371983784 0.0764810967713574 0.075080895381149 0.10057289311332
"gene_snp1048" 0.00492749725733759 0.00703741524085156 0.0211404042776556 0.00759862656464097 0.0981441343319593
"gene_snp1049" 0.0167940047259822 0.0180166484655424 0.0177914339851994 0.0180778968214084 0.0172646714615569
"gene_snp1050" 0.0156703926236893 0.0174044557524559 0.0159954864283598 0.0168521890014152 0.0156301991719678
"gene_snp1051" 0.0157602704807656 0.0178601800971249 0.0156445371242832 0.0155319698725525 0.0161129852638563
"gene_snp1052" 0.0687249797486942 0.0589535782745358 0.0766315034982377 0.0577131251584653 0.0977955395991422
"gene_snp1053" 0.0698846243370138 0.092262156473256 0.0429878399088786 0.0726878901398711 0.200853653770015
"gene_snp1054" 0.0218823628009424 0.0217011766755225 0.0213673591929458 0.0220010297933751 0.0321793366057318
"gene_snp1055" 0.026594024826591 0.0597559615966572 0.0282708560244197 0.0367070841601839 0.0294023923734736
"gene_snp1056" 0.125163340779084 0.139155590676609 0.0651247111867745 0.0621668274632636 0.09426043793609
"gene_snp1057" 0.095057943881496 0.0977251541049365 0.0782599906971015 0.0949715344658218 0.0655448843267016
"gene_snp1058" 0.0175534029189098 0.0185223742161044 0.0181753912742501 0.0174523787819586 0.0224457954584377
"gene_snp1059" 0.115748253339829 0.131320478780519 0.0676867819047632 0.0968309258461741 0.101985572310636
"gene_snp1060" 0.0822573901474364 0.0953265384235386 0.0756114286692682 0.0891979118584214 0.0762636769247221
"gene_snp1061" 0.0399225646240213 0.0371145878727359 0.0629807659215919 0.0526627950915244 0.0462334810686981
"gene_snp1062" 0.047009955091335 0.166120397550759 0.0489622077548055 0.167075903543463 0.0562914826892187
"gene_snp1063" 0.0811530785218637 0.064429132385265 0.138053689226036 0.0781933564054766 0.0885618272383631
"gene_snp1064" 0.0274654744546306 0.137039542803083 0.0319663016277346 0.0313348813801139 0.0191214900432005
"gene_snp1065" 0.0269639787060242 0.0659129510253533 0.0280538440238565 0.0336901184578991 0.0251076746729256
"gene_snp1066" 0.0169203125390385 0.0168853274305442 0.0167800912450377 0.0168094564242327 0.0169084583407118
"gene_snp1067" 0.0177200938789906 0.0171107638011039 0.0176974716091022 0.0171307094775359 0.0169491726541365
"gene_snp1068" 0.0815764836721702 0.0913746488658136 0.0805862826587014 0.0769876290685448 0.059041462203153
"gene_snp1069" 0.0653090404902205 0.079288076446535 0.113593466346542 0.0985629719840685 0.0845783602083419
"gene_snp1070" 0.0176268759323436 0.0188257448457065 0.0176506862612304 0.0179228880343649 0.019085068077275
"gene_snp1071" 0.0182544591665336 0.0182278829443187 0.0188322653154686 0.018366685842972 0.0185544672126527
"gene_snp1072" 0.0226150340440385 0.0257316807320787 0.0180208869222752 0.0215811540275748 0.0313634168919613
"gene_snp1073" 0.0298609592947011 0.14831267358625 0.0380851542386296 0.0726509632696609 0.0383409619533435
"gene_snp1074" 0.0453226946970304 0.0712325420042011 0.0447250070279138 0.0855192810526458 0.12785885843292
"gene_snp1075" 0.0169653350778877 0.0170466413801297 0.0168205240023379 0.0170083911545789 0.0169899483186902
"gene_snp1076" 0.0897706258635356 0.104416503748509 0.0895279911140297 0.0958386596897497 0.0960511244101457
"gene_snp1077" 0.016380702006337 0.0168279793837906 0.0165404672841948 0.0165599542764871 0.0167300765620505
"gene_snp1078" 0.110402779593171 0.136047078091093 0.054796552169728 0.0657125312134792 0.0618539689835156
"gene_snp1079" 0.0304536216381522 0.0296650916103051 0.0357745464009303 0.0416490928803253 0.0375299909926375
"gene_snp1080" 0.0994506567076698 0.0752891293725931 0.0697146815430274 0.0589711372862365 0.061741459152293
"gene_snp1081" 0.0560697090549998 0.133162404545509 0.0414144109586496 0.0389619282576491 0.0446440870250433
"gene_snp1082" 0.0568612667543614 0.114075319057803 0.0438387588543274 0.0656920076246372 0.0391071934318985
"gene_snp1083" 0.0164328958537924 0.0183915978945732 0.0201982409109601 0.0164922312109282 0.0191100100120585
"gene_snp1084" 0.0158367569918414 0.0159327112240696 0.0160935117741252 0.0160410242518695 0.0171188318437694
"gene_snp1085" 0.0762317125675098 0.0905330796828157 0.074567058342364 0.0897642752556774 0.0991394846215088
"gene_snp1086" 0.0442991546267401 0.0571060951304658 0.0283768489166842 0.0244016191359283 0.0393572120284658
"gene_snp1087" 0.0172596348462393 0.0181145418095833 0.0174681892793038 0.0174998934807623 0.0179875858683486
"gene_snp1088" 0.017142608235453 0.017956373116226 0.0175049820481983 0.0172243878693904 0.0183482553586154
"gene_snp1089" 0.0170397782444009 0.0186990004775244 0.0168540699558385 0.0176286804848937 0.0165684387575238
"gene_snp1090" 0.0163965511204868 0.0190426909665731 0.0168148586410729 0.017423968751517 0.0422503472975191
"gene_snp1091" 0.0129481172992381 0.0137071866204404 0.0129513936194298 0.0130476519856222 0.012926810530502
"gene_snp1092" 0.0173820303109625 0.0176556474608107 0.0171567721952071 0.0175233551044873 0.0191038775413773
"gene_snp1093" 0.0602025701872885 0.119079141893217 0.0370340014253848 0.0788517880785591 0.045747644429565
"gene_snp1094" 0.0274457417110539 0.181958339396875 0.0278577433262229 0.0949364750096898 0.0315650577365479
"gene_snp1095" 0.0158886233516814 0.0160681950943071 0.0161587423978069 0.016114551881073 0.0166857021595554
"gene_snp1096" 0.0147093379721535 0.0151303038611034 0.015017421402563 0.014676255212395 0.0151087499270237
"gene_snp1097" 0.0373768305867437 0.0276617264394788 0.117103010959106 0.0879338690861762 0.0369521783493587
"gene_snp1098" 0.0593735353572324 0.148046918816716 0.08778195400077 0.0715069325246725 0.0565860722996298
"gene_snp1099" 0.0180190311946914 0.0179303315536946 0.0180530297612624 0.017969227290021 0.018031575003673
"gene_snp1100" 0.0993082867110886 0.102690369634561 0.0681576344381906 0.0669231931482851 0.098291133221956
