"gene_snp1001" 0.711810236812102 0.999990643519569 0.000536490739379329 0.0013280760990516 0.186975517752974
"gene_snp1002" 0.841874650619527 0.847434920622485 0.843434435158555 0.837254715434007 0.910298015494117
"gene_snp1003" 0.951289808362453 0.914728783422784 0.946841996915031 0.938684821501949 0.968067405819307
"gene_snp1004" 0.984010306687221 0.999858414606837 0.799041915054493 0.999982686559723 0.00910746831864327
"gene_snp1005" 0.867660288179746 0.864363009589869 0.867316495220889 0.86979816403149 0.882408110660969
"gene_snp1006" 0.725031043093877 0.690501994266343 0.723051731105299 0.735142724776646 0.745756945847455
"gene_snp1007" 0.124929501359537 0.00619955809489588 0.955396884480915 0.986343355962388 0.999951254464384
"gene_snp1008" 0.968569545807174 0.905511520324099 0.959432500813938 0.943687405003838 0.98101464245179
"gene_snp1009" 0.949808508092855 0.955123059522988 0.950003744876493 0.949330314928803 0.962229824387271
"gene_snp1010" 0.999999999407005 0.999999784253662 0.999999999999994 0.0883911485938353 0.394868922929599
"gene_snp1011" 0.981176953831974 0.988460143270985 0.980258979652052 0.982479112063827 0.978638936294112
"gene_snp1012" 0.999450810476061 0.00688946006217488 0.948579993631211 0.569644947459296 0.987122092742411
"gene_snp1013" 0.925681715295267 0.933002987466196 0.925941737447592 0.925457225065293 0.945178200507406
"gene_snp1014" 0.921749670749442 0.969201596846447 0.907785875399837 0.903933666035567 0.887756981206944
"gene_snp1015" 0.794223297298575 0.999775184206766 0.81250875381866 0.426056699068847 0.823763185854857
"gene_snp1016" 0.965463587184297 0.970263467009215 0.965516003939261 0.965386645077307 0.972609627591719
"gene_snp1017" 0.948231451392079 0.958245088903327 0.947796236562281 0.948215442167695 0.950520216755071
"gene_snp1018" 0.948760561569826 0.969524445926243 0.950405177709301 0.951438513513687 0.954376590617666
"gene_snp1019" 0.997929710408841 0.999458492594896 0.996499588207996 0.998451728889375 0.976449906342283
"gene_snp1020" 0.998166941871066 0.996208933359819 0.856864617233699 0.998280212731067 0.99845373427003
"gene_snp1021" 0.994585743422905 0.996270306164263 0.993748663376601 0.994669850595061 0.990302370224274
"gene_snp1022" 0.986041544172083 0.989970236067843 0.985994310728947 0.986363432163626 0.98626501554346
"gene_snp1023" 0.873179792866967 0.882691954915197 0.873868193243104 0.87214018298018 0.910073922290574
"gene_snp1024" 0.995516104233337 0.995738823100634 0.979341995634685 0.99803265212244 0.515233840332184
"gene_snp1025" 0.169971766477308 0.000750919500675856 0.849830751291274 6.78259634502194e-05 0.999999998218943
"gene_snp1026" 0.998719879845696 0.000484757396853221 0.927884560396908 0.559113249988487 0.990609062260543
"gene_snp1027" 0.536688753155766 0.561076872196902 0.469622024745211 0.602116568771397 0.602543870696601
"gene_snp1028" 0.945272730864235 0.952009009175636 0.945090104417204 0.945727690239223 0.956842454912565
"gene_snp1029" 0.94816253534796 0.951340540119695 0.949564071937751 0.948714722721902 0.981341395923802
"gene_snp1030" 0.997078442310939 0.996273512115219 0.998413603746332 0.988808336147862 0.994595244197891
"gene_snp1031" 0.994493909345587 0.99567247057681 0.99499103129522 0.981819625468068 0.984645246917957
"gene_snp1032" 0.914552756162739 0.924324103014343 0.915856184360461 0.914612453480554 0.923382341780208
"gene_snp1033" 0.962941931750484 0.974815874768011 0.961716592501665 0.961429188902593 0.964829066414546
"gene_snp1034" 0.716889940227649 0.999990516153416 9.27721538291977e-05 3.72610825134699e-06 0.177182437591148
"gene_snp1035" 0.966984541236217 0.781930064070406 0.947445642860638 0.90223266568961 0.975427879843391
"gene_snp1036" 0.514243134851908 0.905859382491862 0.376707755042101 0.377922794192731 0.447441271602618
"gene_snp1037" 0.98317506394798 0.987142922933338 0.983089117821612 0.983456454591011 0.98461350876188
"gene_snp1038" 0.993090072745119 0.995541836392214 0.992110757960529 0.993857656396934 0.987313125332584
"gene_snp1039" 0.969968162158659 0.999925971140839 0.571368507637471 0.263013574695812 0.0972266715837219
"gene_snp1040" 0.773293143967162 0.804264421424347 0.64204058150153 0.755312403743569 0.247596773961937
"gene_snp1041" 0.996467445557177 0.996440782089739 0.202783647937782 0.999020527938054 0.999805117109183
"gene_snp1042" 0.980820925229799 0.984331581731958 0.981092723501797 0.979974037034279 0.984361914825043
"gene_snp1043" 0.419051076166553 2.47395739186097e-18 0.344345405870519 0.985716412417336 0.330839336783688
"gene_snp1044" 0.999887173568149 0.999999999997649 0.3922270657768 0.0313632431698239 1.56457207659974e-06
"gene_snp1045" 0.968533202290838 0.992588636809432 0.968983077453447 0.961094053672061 0.972306335585752
"gene_snp1046" 0.99190073115119 0.996104143306632 0.991185355255224 0.992493590663119 0.981723195028904
"gene_snp1047" 0.999874658584246 0.999656217679514 0.999999939641649 0.329646030353942 0.537786387869331
"gene_snp1048" 0.0353580178237349 0.0321808277022401 0.0689571583659923 0.0512328322994723 0.99999997313245
"gene_snp1049" 0.985959068933348 0.983378997883715 0.987849314684063 0.987699839487779 0.990603032578633
"gene_snp1050" 0.984949212269703 0.997074303804866 0.985024924901888 0.981879353095716 0.986381898378331
"gene_snp1051" 0.952728680420716 0.966572733762924 0.951537087403003 0.951131708530445 0.955495483260579
"gene_snp1052" 0.999997565281106 0.999986164180556 0.999999974049695 0.235479356038411 0.521426460356495
"gene_snp1053" 0.784473171886684 0.812252052083371 0.638425894952977 0.750657561892292 0.249978272811581
"gene_snp1054" 0.934155503721645 0.933893955135809 0.93766225101931 0.935262907515965 0.993033746017633
"gene_snp1055" 0.952682343405518 0.997833673166289 0.953610626098134 0.924070023386354 0.954344290704117
"gene_snp1056" 0.781437815683637 0.990425422715158 0.603293455559535 0.511047617770915 0.314539998125146
"gene_snp1057" 0.160276548553359 0.181973598577186 0.991811903868558 0.149238971210991 0.00848368261286821
"gene_snp1058" 0.931216717041146 0.929233317814194 0.935766247093173 0.936916450110861 0.966748484036303
"gene_snp1059" 0.874902756181069 0.888611729666221 0.517858605150813 0.833802633995636 2.08815684759196e-05
"gene_snp1060" 0.999174675181083 0.993772464399041 0.999991600575195 0.527827186546738 0.603399413770466
"gene_snp1061" 0.998269642543463 0.996386411101216 0.998540128105437 0.914658992404837 0.923140790052203
"gene_snp1062" 0.443695852953373 0.0516306091359496 0.38930045834022 0.648803172845958 0.390838514652052
"gene_snp1063" 0.987154529012018 0.991948926770722 0.464175593027731 0.989236170454268 0.998059584577741
"gene_snp1064" 0.479597778431346 0.770797298356755 0.368603351981423 0.383234675223719 0.440550280015928
"gene_snp1065" 0.940246997201539 0.996496649661467 0.94195341642949 0.906462998928612 0.945960955150014
"gene_snp1066" 0.959807687717936 0.961146259880109 0.961178912683532 0.961434603527243 0.975137520011705
"gene_snp1067" 0.990511821781793 0.993422822574216 0.99126061457319 0.985559881552592 0.98733686050473
"gene_snp1068" 0.999795166780436 0.00239270996548905 0.943174216063687 0.525783197274025 0.998007752598574
"gene_snp1069" 0.999952250967666 0.998605149225654 0.999906149534796 0.498696506716075 0.579532236797268
"gene_snp1070" 0.925217990601936 0.927311681892161 0.925029163713901 0.926376863840462 0.937818271118046
"gene_snp1071" 0.98479740999201 0.987547202094027 0.985721018062918 0.982699493385689 0.987115957207285
"gene_snp1072" 0.83827150328995 0.872718849071628 0.831412612449223 0.836689709798884 0.797717954189085
"gene_snp1073" 0.63729199334922 0.448698717842572 0.627679282787162 0.714907070718706 0.636666081498184
"gene_snp1074" 0.965911584683919 0.996924548615151 0.895761998099139 0.997571538788584 0.568781918422125
"gene_snp1075" 0.983244331967769 0.987438514300634 0.982968802875143 0.983451702179459 0.983468149797931
"gene_snp1076" 0.997050925880438 0.0287388350865669 0.921923322641147 0.619913771558408 0.981302181127815
"gene_snp1077" 0.963116219413405 0.968747240240552 0.96310885892579 0.963082897915414 0.97053481100368
"gene_snp1078" 0.829322711569927 0.83955613027866 0.501125582906462 0.806948432244715 8.9668163542915e-08
"gene_snp1079" 0.998239171572733 0.996061552923806 0.999547538261259 0.946840300080411 0.952556652868309
"gene_snp1080" 0.999620503545971 0.999569848064696 0.999999700363156 0.317806881591782 0.478738916268095
"gene_snp1081" 0.633156640620352 0.991125924281195 0.706864136156845 0.744653460731129 0.677529417637114
"gene_snp1082" 0.308191864241249 0.998235297549863 0.430381958414755 0.492116235730821 0.353965754803561
"gene_snp1083" 0.757320589954964 0.771624104941535 0.766706393252853 0.757280259904282 0.765713328964581
"gene_snp1084" 0.939862046460495 0.946539525168459 0.939295989057746 0.940485357883132 0.952175506625487
"gene_snp1085" 1 5.87712573479253e-25 0.99849532083222 0.0868790367499493 0.999999794534952
"gene_snp1086" 0.944533167534737 0.835723383579929 0.9308455030585 0.901890421360558 0.961471905435655
"gene_snp1087" 0.916860578529547 0.925968411181657 0.919264155023285 0.916964769732865 0.92504696371073
"gene_snp1088" 0.93987223281379 0.946066802507436 0.940154107104314 0.938947925023439 0.956130225577459
"gene_snp1089" 0.982873599419994 0.99502930131568 0.983252917854911 0.980177831694378 0.985144269033049
"gene_snp1090" 0.717594934184313 0.728901077243659 0.723870638079893 0.717427391921686 0.856313103486849
"gene_snp1091" 0.979466089320312 0.987652010510336 0.979545786910975 0.978723195765225 0.983152068234569
"gene_snp1092" 0.95118591347016 0.952522575758882 0.953166903453928 0.953348954553778 0.970768445104605
"gene_snp1093" 0.168905035200433 0.998545430676068 0.360725891680481 0.461945981158401 0.282840278711404
"gene_snp1094" 0.530384133296067 0.349237832122789 0.509409474304441 0.612652169674047 0.519660341228248
"gene_snp1095" 0.96117476077257 0.967208273632973 0.960941032541586 0.961058113515922 0.96713754203876
"gene_snp1096" 0.966985322951513 0.979219382843679 0.96559221247468 0.965126496206328 0.967334063241478
"gene_snp1097" 0.994332244140809 0.995535338670377 0.999939882568888 0.854655293172621 0.968447960032343
"gene_snp1098" 0.920485650559544 0.574754014705077 0.998873170775503 0.999760694945493 0.978517030253736
"gene_snp1099" 0.961865752382484 0.965804469647635 0.961662151324661 0.961537594143353 0.969509640297264
"gene_snp1100" 0.558964384288764 6.57330409337673e-08 0.307233626237187 0.992182718360645 0.374191325993622
