"gene_snp1001" 0.162844749237595 1.20333728822073 -0.986329967139389 -0.954615090694256 -0.274340489947014
"gene_snp1002" 0.146272418847017 0.145848118318568 0.147770704324227 0.14334104192419 0.186372932440082
"gene_snp1003" 0.242789620944726 0.204890142027351 0.230657260198383 0.223894700977634 0.24607211307805
"gene_snp1004" 0.574651277718383 1.10131546489443 0.244857264909434 1.3263082475232 -0.616456521487182
"gene_snp1005" 0.149660936312186 0.142142101592515 0.149404742494263 0.152270541356946 0.152076554091861
"gene_snp1006" 0.0947756304592256 0.0517212856121816 0.0932849256575578 0.109403643020215 0.0979333060145505
"gene_snp1007" -0.310695922985416 -0.706861536801261 0.520213447621181 0.693110592345253 1.10766963423318
"gene_snp1008" 0.290817557891471 0.221088219608609 0.270508660714223 0.251058686016301 0.284888945105081
"gene_snp1009" 0.232167135779999 0.23328556508636 0.232325116014695 0.231546431467145 0.237445364260352
"gene_snp1010" 1.58812303910868 1.34205690757675 2.02051714348188 -0.330952857384215 -0.0857357268481158
"gene_snp1011" 0.303014723355656 0.306588059681151 0.301964484331101 0.305593576112581 0.29893383954708
"gene_snp1012" 0.999106351347622 -0.790834428094386 0.425662818226428 0.0525119276253903 0.698464942719006
"gene_snp1013" 0.204496336859401 0.206319069832772 0.204419927309887 0.204227942633739 0.214164607198536
"gene_snp1014" 0.2368662420377 0.278436446428584 0.220984262980257 0.218183368681954 0.204460477413636
"gene_snp1015" 0.324269475096344 1.05567019983002 0.360546958967229 0.0195622040864343 0.35911367533815
"gene_snp1016" 0.24957611530265 0.250681594641677 0.249738539329291 0.249419700058356 0.252312804692114
"gene_snp1017" 0.220974371313325 0.22466957002074 0.220409971820127 0.220404086077792 0.219252277153028
"gene_snp1018" 0.249845752428812 0.264016855889075 0.251102737784776 0.25237984606779 0.251304528899904
"gene_snp1019" 0.44771406495474 0.449034994859428 0.440844560947285 0.452216941217289 0.422222479214192
"gene_snp1020" 0.525551825556715 0.526877505405969 0.364797629157601 0.527554223353762 0.558650848522862
"gene_snp1021" 0.356947967117649 0.358736609079974 0.355946643317302 0.358188070583719 0.352345795268751
"gene_snp1022" 0.286329589944577 0.287401743739884 0.285469060834437 0.286347810131364 0.284634806508716
"gene_snp1023" 0.172940590709614 0.174994479592261 0.173455549306445 0.171828152639022 0.193021716601912
"gene_snp1024" 0.602031489570203 0.6421999274363 0.476131848976912 0.689746289089149 0.0517466381456313
"gene_snp1025" -0.228943043144826 -0.898089349662034 0.320503375567923 -1.16954492387274 1.44184962723951
"gene_snp1026" 0.945741712922035 -0.830154454736034 0.433960107626517 0.0406924544726937 0.658104157283491
"gene_snp1027" 0.0219210413696013 0.0295772606245857 -0.0459045060678214 0.0924847142160912 0.0550392968662935
"gene_snp1028" 0.221262239422912 0.223146476480221 0.22082567166351 0.222030148078166 0.225815770490888
"gene_snp1029" 0.253325181385614 0.255045109846715 0.255612816834418 0.253774614713343 0.279563580635421
"gene_snp1030" 0.379482937979723 0.380283917131519 0.38729849589183 0.371144777736355 0.377045330534493
"gene_snp1031" 0.378514522256086 0.377644335750532 0.382700396307603 0.359975364216557 0.362612289487792
"gene_snp1032" 0.172641259915868 0.175287219225973 0.174236844693885 0.172817220786091 0.174194931002413
"gene_snp1033" 0.247605864795197 0.25315208011184 0.245746550618697 0.245930138945473 0.246294872995304
"gene_snp1034" 0.175434899385023 1.20921954581053 -1.04337389125036 -1.11230364296304 -0.282667430271636
"gene_snp1035" 0.346425838228261 0.135886212844387 0.280095381067151 0.237413561345104 0.320177424411774
"gene_snp1036" 0.0920832104882634 0.444741535336656 -0.0207727736044962 -0.0200693815399971 0.0384348901062342
"gene_snp1037" 0.28280258958518 0.283744590047737 0.282238708023549 0.282728118435436 0.28200633788689
"gene_snp1038" 0.369234857303842 0.370865827972821 0.367662662742662 0.370066363221869 0.361839899678446
"gene_snp1039" 0.699632615530808 1.08535546176039 0.0642005818478045 -0.143481452501945 -0.390754907290027
"gene_snp1040" 0.286606977398769 0.334791682760711 0.123433936337499 0.226685437422286 -0.438570753660132
"gene_snp1041" 0.805655650138997 0.791509349830112 -0.246217974449628 0.811677470096487 0.991217134072339
"gene_snp1042" 0.26945278022306 0.27060953632766 0.270528427778148 0.268603801866936 0.270426452986737
"gene_snp1043" -0.0458814280206216 -2.09142056251827 -0.115233462644259 0.988230350485645 -0.132143882668799
"gene_snp1044" 1.1447423369722 1.81029366270296 -0.0872107595355021 -0.459993325813146 -1.13956388950639
"gene_snp1045" 0.305841374443685 0.333058576287436 0.306857785920027 0.298484702931134 0.307099945902512
"gene_snp1046" 0.338668424713694 0.340241783828964 0.3355140776758 0.34036566837661 0.326586220813598
"gene_snp1047" 1.15367075124935 0.995073108292193 1.45177009732819 -0.120551078303186 0.0301676314960025
"gene_snp1048" -0.00125327561162108 -0.00391327804166504 0.0334124981185275 0.0104872048311404 1.87146210249591
"gene_snp1049" 0.312199899563067 0.310023856857526 0.316634570830957 0.316816975585385 0.316075443719705
"gene_snp1050" 0.338846446037893 0.351540732286796 0.339808431519759 0.336889829530477 0.339883888660063
"gene_snp1051" 0.2293938675304 0.237144046099298 0.22805505563414 0.22748506781727 0.22836742615402
"gene_snp1052" 1.19119838416374 1.01413300643203 1.49208158976234 -0.17316747380778 0.0168104143658528
"gene_snp1053" 0.276244653446611 0.330319856275426 0.11113004869015 0.24252317522407 -0.434985654843075
"gene_snp1054" 0.292905383872702 0.291384143332453 0.296297023926173 0.294407304555749 0.345192208397055
"gene_snp1055" 0.374813275978102 0.464030068910604 0.380636179263674 0.350591940121918 0.383035398059883
"gene_snp1056" 0.411034170506377 0.733889874181798 0.131714484769564 0.0578545367154392 -0.101074074764301
"gene_snp1057" -0.303829229633001 -0.281646040227397 0.892755048563373 -0.317858544749505 -0.614590131749386
"gene_snp1058" 0.220582239938647 0.217513854129456 0.225809834505685 0.225935398477593 0.244627864397691
"gene_snp1059" 0.521789981158686 0.615396664252764 0.0459037582627554 0.386122522408684 -1.40026142791925
"gene_snp1060" 0.856334787592112 0.755062297212663 1.04393062841087 0.0315177106478589 0.0804131602832744
"gene_snp1061" 0.498788370413085 0.48279682584402 0.531750258624285 0.362714493515728 0.36598739692613
"gene_snp1062" 0.0608810992091762 -0.80551056128554 0.024376061393512 0.405510475248123 0.0255878994058899
"gene_snp1063" 0.591112840995022 0.576768769540287 0.0102810201607628 0.595666440519119 0.684723779509068
"gene_snp1064" 0.0594049686539378 0.30156776113564 -0.0267110708618468 -0.0175918633958411 0.0206988203686681
"gene_snp1065" 0.339009717536136 0.435904144106928 0.34347618086626 0.307545667662926 0.342021066967502
"gene_snp1066" 0.247085952341285 0.246069546062521 0.248359312018889 0.248671622079948 0.254528478418498
"gene_snp1067" 0.329608568597114 0.329997708158653 0.330778661417691 0.3220355728535 0.322927216603734
"gene_snp1068" 1.03792222990562 -0.860330879389048 0.448870152655508 0.0179616647354439 0.699732690041603
"gene_snp1069" 0.944767828844902 0.824455114192518 1.15486392177168 0.00853606388224704 0.0653394525543129
"gene_snp1070" 0.205423881920058 0.203574628377331 0.20528441231042 0.206899614534809 0.210029550843259
"gene_snp1071" 0.317465992739106 0.318460087205185 0.319643698919092 0.31492664572387 0.318086831427915
"gene_snp1072" 0.15431438628996 0.168920561985533 0.143504664151706 0.151861383133685 0.110226989470641
"gene_snp1073" 0.0901193529859773 -0.179012131731039 0.0894390847326681 0.201122077261947 0.0865004830780782
"gene_snp1074" 0.399884887136639 0.552847037859094 0.289505089449712 0.615589805502305 0.0590546504532833
"gene_snp1075" 0.297748238386606 0.299687549338481 0.297145514717171 0.298077881425989 0.296034629923
"gene_snp1076" 0.896789785775296 -0.655685211091481 0.423974192214756 0.0938823615023633 0.639368925636076
"gene_snp1077" 0.248351161360761 0.25064022066034 0.248615537580085 0.248618040765473 0.251270164843912
"gene_snp1078" 0.461797063948936 0.546117457271784 0.0454997174696174 0.318056424444355 -1.36138001081366
"gene_snp1079" 0.490222813679854 0.480650885021488 0.508279082625837 0.407752632668706 0.410215778792023
"gene_snp1080" 1.05510685416966 0.911095757057327 1.32070884421743 -0.114906876938371 -0.0131757810093834
"gene_snp1081" 0.14199373288239 0.543195032509873 0.201208388643169 0.234637422102886 0.175389844644562
"gene_snp1082" 0.0187368869436019 0.796592146861744 0.114048744909129 0.189415530406791 0.0563045267641058
"gene_snp1083" 0.0982658321754361 0.100225953476795 0.109010605527488 0.0982543780120059 0.0949204292878191
"gene_snp1084" 0.211964508394381 0.213654326506174 0.211768613336774 0.212843544435402 0.217098939038132
"gene_snp1085" 2.54676399367091 -3.07789459008341 0.809956982416647 -0.407509879740408 1.59269729180531
"gene_snp1086" 0.286693631866329 0.162677511641514 0.249435431168622 0.215596402051766 0.281772384760624
"gene_snp1087" 0.194121992818723 0.196766128137239 0.196553051230781 0.194465031078066 0.195461472136678
"gene_snp1088" 0.223262126161021 0.225218555177366 0.224042797462522 0.222510891312259 0.230978915583713
"gene_snp1089" 0.330298316169275 0.341928943459945 0.330436779548658 0.327672619910944 0.330851909109116
"gene_snp1090" 0.104863515141992 0.10626497503594 0.109566183353989 0.104582406802022 0.184549167848478
"gene_snp1091" 0.261645906143526 0.266758994612363 0.26174034692669 0.261053731762974 0.2629415738298
"gene_snp1092" 0.239982019021168 0.239029892853367 0.241665834453686 0.242413812321323 0.251610070988913
"gene_snp1093" -0.073052312409039 0.995780627538959 0.0734517806699776 0.19805381085515 0.0195833646383679
"gene_snp1094" 0.0594645869256436 -0.282654769253125 0.045971360272371 0.190524026809854 0.0469254583821616
"gene_snp1095" 0.240524999231254 0.242631118615089 0.24074153327484 0.240797719370549 0.242556383528218
"gene_snp1096" 0.245261731500369 0.251060627202629 0.244284593174128 0.24332480874202 0.243393588726965
"gene_snp1097" 0.535055034064913 0.510658906595509 0.699596054527044 0.355208297121883 0.447927844166112
"gene_snp1098" 0.377890374930733 0.0980874170048957 0.682215862790004 0.67802603936349 0.499622875888207
"gene_snp1099" 0.254556036799682 0.25489619824611 0.25438342854552 0.254131261753375 0.256972598202455
"gene_snp1100" 0.0500435053329004 -1.67956360471327 -0.129100982741838 0.924596490128967 -0.0977485490623363
