"gene_snp1001" 0.288189763187898 9.35648043098869e-06 0.00069966809010702 0.00149125344978684 0.187138674497183
"gene_snp1002" 0.158125349380473 0.152565079377515 0.156565564841445 0.162745284565993 0.0897019845058827
"gene_snp1003" 0.0487101916375469 0.0852712165772161 0.0531580030849693 0.0613151784980513 0.0319325941806932
"gene_snp1004" 0.0159896933127786 0.000141585393163335 0.200958084945507 1.73134402773334e-05 0.00911167169546068
"gene_snp1005" 0.132339711820254 0.135636990410131 0.132683504779111 0.13020183596851 0.117591889339031
"gene_snp1006" 0.274968956906123 0.309498005733657 0.276948268894701 0.264857275223354 0.254243054152545
"gene_snp1007" 0.128772026993246 0.0100297468736784 0.0446031155190847 0.0136566440376119 4.87455356155131e-05
"gene_snp1008" 0.0314304541928255 0.0944884796759015 0.0405674991860616 0.0563125949961624 0.0189853575482095
"gene_snp1009" 0.0501914919071452 0.0448769404770117 0.0499962551235068 0.0506696850711968 0.0377701756127292
"gene_snp1010" 5.92994986448048e-10 2.15746337572931e-07 6.10622663543836e-15 0.0883911485938353 0.394868922929599
"gene_snp1011" 0.0188230461680261 0.0115398567290151 0.0197410203479481 0.0175208879361732 0.0213610637058881
"gene_snp1012" 0.000549189523938787 0.00701247669643623 0.0514200063687889 0.430355052540704 0.0128779072575889
"gene_snp1013" 0.0743182847047326 0.066997012533804 0.0740582625524078 0.0745427749347067 0.0548217994925944
"gene_snp1014" 0.0782503292505576 0.030798403153553 0.092214124600163 0.096066333964433 0.112243018793056
"gene_snp1015" 0.205776702701425 0.000224815793233968 0.18749124618134 0.573943300931153 0.176236814145143
"gene_snp1016" 0.0345364128157026 0.0297365329907849 0.034483996060739 0.0346133549226935 0.027390372408281
"gene_snp1017" 0.0517685486079215 0.041754911096673 0.0522037634377188 0.0517845578323048 0.0494797832449286
"gene_snp1018" 0.0512394384301738 0.0304755540737573 0.0495948222906994 0.0485614864863126 0.0456234093823339
"gene_snp1019" 0.00207028959115851 0.000541507405103725 0.00350041179200422 0.00154827111062505 0.0235500936577168
"gene_snp1020" 0.0018330581289342 0.00379106664018136 0.143135382766301 0.00171978726893285 0.00154626572996996
"gene_snp1021" 0.00541425657709549 0.00372969383573651 0.00625133662339861 0.00533014940493892 0.00969762977572586
"gene_snp1022" 0.0139584558279165 0.0100297639321569 0.0140056892710531 0.0136365678363738 0.0137349844565402
"gene_snp1023" 0.126820207133033 0.117308045084803 0.126131806756896 0.12785981701982 0.0899260777094255
"gene_snp1024" 0.0044838957666633 0.00426117689936578 0.0206580043653147 0.00196734787755981 0.484766159667816
"gene_snp1025" 0.170011635293169 0.000790788270129128 0.150169248708726 0.000107694779310274 1.78105741266421e-09
"gene_snp1026" 0.0012801201543039 0.000532782842244894 0.0721154396030917 0.440886750011513 0.00939093773945743
"gene_snp1027" 0.463311246844234 0.438923127803098 0.530377975254789 0.397883431228603 0.397456129303399
"gene_snp1028" 0.0547272691357646 0.047990990824364 0.0549098955827964 0.0542723097607775 0.0431575450874346
"gene_snp1029" 0.05183746465204 0.0486594598803047 0.0504359280622493 0.0512852772780978 0.0186586040761978
"gene_snp1030" 0.00292155768906066 0.00372648788478103 0.00158639625366819 0.0111916638521383 0.00540475580210908
"gene_snp1031" 0.00550609065441277 0.00432752942319026 0.00500896870477952 0.0181803745319322 0.0153547530820434
"gene_snp1032" 0.0854472438372612 0.075675896985657 0.0841438156395394 0.0853875465194458 0.0766176582197919
"gene_snp1033" 0.0370580682495161 0.0251841252319888 0.0382834074983354 0.0385708110974069 0.0351709335854539
"gene_snp1034" 0.283110059772351 9.48384658427948e-06 9.29378936932457e-05 3.89184811455667e-06 0.177182603308414
"gene_snp1035" 0.0330154587637829 0.218069935929594 0.0525543571393617 0.0977673343103896 0.0245721201566094
"gene_snp1036" 0.485756865148092 0.094140617508138 0.623292244957899 0.622077205807269 0.552558728397382
"gene_snp1037" 0.01682493605202 0.0128570770666616 0.0169108821783875 0.0165435454089889 0.0153864912381199
"gene_snp1038" 0.0069099272548806 0.00445816360778584 0.00788924203947083 0.00614234360306587 0.012686874667416
"gene_snp1039" 0.0300318378413413 7.40288591611904e-05 0.428631492362529 0.29165748158907 0.125849117910346
"gene_snp1040" 0.226706856032838 0.195735578575653 0.35795941849847 0.244687596256431 0.27005990188631
"gene_snp1041" 0.0035325544428233 0.00355921791026148 0.202820837202469 0.000979472061946263 0.00019488289081715
"gene_snp1042" 0.0191790747702013 0.0156684182680423 0.0189072764982031 0.0200259629657215 0.0156380851749571
"gene_snp1043" 0.433255101118342 0 0.358549430822308 0.014283587582664 0.345043361735477
"gene_snp1044" 0.000112826431850732 2.35056418773638e-12 0.392227126503025 0.0313633038960495 1.6252981869247e-06
"gene_snp1045" 0.0314667977091619 0.00741136319056801 0.0310169225465529 0.0389059463279392 0.0276936644142483
"gene_snp1046" 0.00809926884880952 0.00389585669336823 0.00881464474477622 0.00750640933688107 0.0182768049710956
"gene_snp1047" 0.000125341415754487 0.000343782320486485 6.03583508729244e-08 0.329646035040012 0.462213612130669
"gene_snp1048" 0.960737950655396 0.957560754184787 0.931042841634008 0.948767167700528 2.68675504067062e-08
"gene_snp1049" 0.0140409310666525 0.0166210021162846 0.0121506853159372 0.012300160512221 0.00939696742136731
"gene_snp1050" 0.0150507877302972 0.0029256961951345 0.0149750750981116 0.0181206469042842 0.0136181016216693
"gene_snp1051" 0.0472713195792844 0.033427266237076 0.0484629125969965 0.0488682914695551 0.044504516739421
"gene_snp1052" 2.43471889371794e-06 1.38358194441413e-05 2.59503053490207e-08 0.235479356101811 0.478573539643505
"gene_snp1053" 0.215526828113316 0.187747947916629 0.361574105047023 0.249342438107708 0.272813508140972
"gene_snp1054" 0.0658444962783545 0.0661060448641911 0.0623377489806904 0.0647370924840346 0.00696625398236672
"gene_snp1055" 0.0473176565944823 0.0021663268337111 0.0463893739018664 0.0759299766136458 0.0456557092958826
"gene_snp1056" 0.218562184316363 0.00957457728484168 0.396706544440465 0.488952382229085 0.510243397317265
"gene_snp1057" 0.164153351394967 0.185628424935181 0.00818809613144234 0.153115774053598 0.00870565930841649
"gene_snp1058" 0.0687832829588536 0.0707666821858063 0.064233752906827 0.0630835498891388 0.0332515159636974
"gene_snp1059" 0.125097243818931 0.111388270333779 0.482141394849187 0.166197366004364 3.08921092568859e-05
"gene_snp1060" 0.000825324818917172 0.00622753560095946 8.39942480534983e-06 0.472172813453262 0.396600586229534
"gene_snp1061" 0.0017303574565366 0.00361358889878394 0.00145987189456254 0.0853410075951627 0.0768592099477966
"gene_snp1062" 0.556304147046627 0.056080176224901 0.61069954165978 0.351196827154042 0.609161485347948
"gene_snp1063" 0.0128454709879821 0.00805107322927767 0.466418027319039 0.010763829545732 0.00194041542225931
"gene_snp1064" 0.520402221568654 0.229202701643245 0.631396648018577 0.616765324776281 0.559449719984072
"gene_snp1065" 0.0597530027984605 0.00350335033853288 0.0580465835705101 0.0935370010713875 0.0540390448499861
"gene_snp1066" 0.0401923122820639 0.0388537401198908 0.0388210873164684 0.0385653964727574 0.0248624799882954
"gene_snp1067" 0.00948817821820735 0.00657717742578412 0.00873938542681019 0.0144401184474084 0.0126631394952696
"gene_snp1068" 0.00020483321956366 0.0024319258798875 0.0568257839363131 0.474216802725975 0.0019922474014259
"gene_snp1069" 4.77490323341767e-05 0.00139485077434642 9.38504652037153e-05 0.498698909913341 0.420467763202732
"gene_snp1070" 0.074782009398064 0.0726883181078392 0.0749708362860989 0.0736231361595379 0.0621817288819539
"gene_snp1071" 0.0152025900079896 0.0124527979059726 0.0142789819370815 0.0173005066143113 0.0128840427927155
"gene_snp1072" 0.16172849671005 0.127281150928372 0.168587387550777 0.163310290201116 0.202282045810915
"gene_snp1073" 0.36270800665078 0.471247989285349 0.372320717212838 0.285092929281294 0.363333918501816
"gene_snp1074" 0.0340884153160813 0.00307545138484933 0.104238001900861 0.00242846121141593 0.431218081577875
"gene_snp1075" 0.0167556680322306 0.0125614856993662 0.0170311971248566 0.0165482978205408 0.0165318502020687
"gene_snp1076" 0.00294907411956169 0.0297343989892039 0.0780766773588529 0.380086228441592 0.018697818872185
"gene_snp1077" 0.0368837805865954 0.0312527597594481 0.0368911410742101 0.0369171020845864 0.0294651889963203
"gene_snp1078" 0.170677288430073 0.16044386972134 0.498874417093538 0.193051567755285 1.62218419585969e-07
"gene_snp1079" 0.00176082842726677 0.00393844707619395 0.000452461738740917 0.0531596999195888 0.0474433471316907
"gene_snp1080" 0.000379496454029127 0.000430151935304379 2.9963684355927e-07 0.317806950516172 0.478738984974006
"gene_snp1081" 0.366843359379648 0.00887407571880516 0.293135863843155 0.255346539268871 0.322470582362886
"gene_snp1082" 0.691808135758751 0.0017647024501366 0.569618041585245 0.507883764269179 0.646034245196439
"gene_snp1083" 0.242679410045036 0.228375895058465 0.233293606747147 0.242719740095718 0.234286671035419
"gene_snp1084" 0.0601379535395054 0.0534604748315411 0.0607040109422542 0.0595146421168684 0.0478244933745129
"gene_snp1085" 0 0 0.00150467916777997 0.0868790367499493 2.05465047753428e-07
"gene_snp1086" 0.0554668324652632 0.164276616420071 0.0691544969415001 0.0981095786394425 0.038528094564345
"gene_snp1087" 0.0831394214704525 0.074031588818343 0.0807358449767154 0.0830352302671347 0.0749530362892701
"gene_snp1088" 0.0601277671862096 0.0539331974925641 0.0598458928956855 0.0610520749765607 0.0438697744225414
"gene_snp1089" 0.0171264005800064 0.00497069868432032 0.0167470821450891 0.0198221683056224 0.0148557309669511
"gene_snp1090" 0.282405065815687 0.271098922756341 0.276129361920107 0.282572608078314 0.143686896513151
"gene_snp1091" 0.0205339106796881 0.0123479894896642 0.0204542130890253 0.0212768042347747 0.0168479317654305
"gene_snp1092" 0.0488140865298401 0.0474774242411179 0.0468330965460717 0.0466510454462218 0.0292315548953945
"gene_snp1093" 0.675461944206186 0.00145456932393195 0.639274108319519 0.538054018841599 0.717159721288596
"gene_snp1094" 0.469615866703933 0.369913768345887 0.490590525695559 0.387347830325953 0.480339658771752
"gene_snp1095" 0.03882523922743 0.0327917263670265 0.0390589674584135 0.0389418864840778 0.0328624579612402
"gene_snp1096" 0.0330146770484867 0.0207806171563208 0.0344077875253199 0.0348735037936716 0.0326659367585221
"gene_snp1097" 0.00566775585919066 0.00446466132962298 6.01174311123387e-05 0.145344706827379 0.0315520399676569
"gene_snp1098" 0.0795143494404563 0.425245985294923 0.00112682922449725 0.000239305054506866 0.0214829697462638
"gene_snp1099" 0.0381342476175157 0.0341955303523652 0.0383378486753393 0.0384624058566467 0.0304903597027363
"gene_snp1100" 0.441035615711236 6.80338714253992e-08 0.314976832631017 0.00781728163935524 0.381934530086629
